19999,-

’ s '1555 9999 9999999999 99999999999999 99 99999999 55 9999

999 9999999999 9999999999 9999999999 5 999 9999999999
99999999999999 9999999999 999 (9999999999 999 5555
5 99999999 99 99 9999999 999999 999 9999 99999 999 ¹
. 99999999 999 (999 9999999 99 (99999999999999 999 5555· 9

¹ ,, 999999 9999999999

. ¹ V 55 9999999 99, 999 9999999 9999 999 9999999999 ν
9999, 999 999 9999999999 999 6999999 99999 9999999999
99999999999999999 9999999999999, 55 5 99 999999

, Ι 999 999 99999999 9999999999, 999 99999 99999 9999
999999 9999 999 999 99999999 99 &555555555555 9999 9999999 ,
’ 199999999999 99999999 9999. «5¹¹5 9999999999 9999 9999 · ’

999 9999999999 99 999999 9999999 9999999 999 999

’ 9999999999 555 99 ’9999999999999999 999 999 5555 '

5555555555 99999 9999999999999999999, 999 9999999 9999999 -
999 999999 9999999999 ,99 9991 99999 ’9399999999999 99999

· 999 999999999999 9999999 99999 999999999999 9999999.

55 55555155 9999 999999 99999999 5555 9999999999

999 999 5555 99999999 99999999 99999999 999 999 9999999 999 ¹ 5

999999999999999 99 9999999999 9999999 9ς9999999999 999, ,

9999999999 999 9999999 999999 999 9999999 9999999 999 9999999 · 9
9999 999999 9999999999 9999999999 99 9999999999, 999 ,

’ 9 9 55555 9999 9999999999 9999999 999999, 9999 999 999 - 1

¹ ' 9999999, 999 99999 9999999999 9999999999 999 9, 9999 99

,ν 999999 999999 99 9999999 ι999 99999999999939999999 99999 ¹

99999999 99 999999 99 9999 999 99 99999 999 99999999 999 ’

· 999 999999999999999999999 999999 aber-5555 9999999 5 5 ’
5 9999 999 99 999 99999999 99 9999999“’ 99 9999 99 9999999999 ’
99999999999999999999, 999 999 999 9999999999 9999 5552

ί 9999 99 99999 99999999 999999 5555 9999 9999999999

999 999 9999999 9999 9999999999 999 9999999 9999999999

 

