66666666

6666666666 66666, 66666 66666666 666 6666666666 ’666666 66666

’ 6666666666 ’666 66666 6666 666 66666 666 666 6666 666666

’ 6666666 6666666666 6666666666 6666. 6666666666 66 66 6666 6666
66666666 66666, 66 666 6666 &fiee 6666 666 6666666666 66666
6666666666 6666 6666666666 66666666. 66666666 6666666 66666
,666666 6666666 6666 66 666666 6666666 66666 666 ’666666 666 ’

66666666666 666 6666666666636666666 6666666666, 6666 666 6666 ,

66 666 666666 6666666, 6666 66 666 66666666 66666 666

6666666, 66666 6666666666 6666666, 6666666666 666666 666666 6

6666666, 6666 66666666 666666 666666 6666 &dee 66 66666 666
66666 66666666 666666 666666.-
· “ 66666666 666666666666 6666666666 6666666666, 6666666

Δ 6666666 6666666 666 6666666666 6666 666, 66666 6666 666 666666

6666 666 666 ς6666 66 66666666 6666666666 6666 Monu-
“ 66666665 Germaniae, 666 6666666666 6666666666 6666666666

· 66666 6666 6666 666 66666666 6666666 666 666666 6666 6666666·

, 6666, 666 666 666666666666 666666 66666666 666666666 6666ι
6666666666 66666 666, 666 66666666 6666 666 6666666 666 666
6666666666 666666· 666 666 666 6666 6666666666 66666,
· 66666666 366666 6666666 id> 666 6666666666 66666666 6666
¹ 6666 666666 6666666666 66 6666666, 666, 6666666666 66 66666,
- 666 6666666 666666 6666 6666666666 6666666666 6666666
6666 666666666 “fo 666666 6666666 666666666666666 6666666666
y 666 66666, 66666 666 666 66666 6666666666 6666666666
zu 6666666666 ’6666666666 66666 66 66666666 66666, .

 

